 2e-09
  -1.9e-09
  -3.6e-09
  -4.9e-09
  -1.7e-09
  -3.9e-09
  6.84e-08
  -5e-10
  1.87e-08
  1.81e-08
  3.21e-08
  -4.9e-09
  9e-10
  3e-10
  1.97-08
  1.42e-08
  8e-10
  2.03e-08
  -1e-10
  9.1e-09
  -4.1e-09
  -1.0e-09
  -8e-10
  -1.6e-09
  6e-10
  -4e-10
  -3e-10
  1.0e-08
  4e-10
  -1e-10
  -6e-10
  6.6e-09
  8.6e-09
  2.21e-08
  1.98e-08
  2.79e-08
  -1e-10
  -3.8e-09
  -7e-10
  9.6e-09
  1.34e-08
  9.6e-09
  2.42e-08
  -3e-10
  6.01e-08
  8.4e-09
  -3e-10
1.36E-08
3.06E-08
2.65E-08
-2.00E-10
7.70E-09
7.30E-09
2.59E-08
3.00E-10
0
-2.50E-09
2.81E-08
2.75E-08
2.02E-08
1.10E-08
2.95E-08
1.82E-08
-2.50E-09
-2.50E-09
4.00E-10
-5.00E-10
3.11E-08
2.98E-08
3.01E-08
1.90E-08
-6.00E-10
3.70E-09
-2.00E-10
-5.00E-10
1.00E-10
5.26E-08
-1.00E-10
1.06E-08
9.80E-09
-3.00E-10
-4.00E-10
3.10E-08
7.90E-09
-1.08E-08
5.52E-08
-3.00E-10
0
3.31E-08
3.62E-08
9.30E-09
-1.60E-09
1.12E-08
-1.00E-10
  0
  2.03e-08
  3.20e-08
  5.05e-08
  2.12e-08
  -1e-10
  -2e-10
  2e-10
  3.33e-08
  2.23e-08
  2.33e-08
  1.64e-08
  -1e-10
  2.76e-08
  2.17e-08
  1e-10
  -1.1e-09
  8e-10
  6e-10
  -2.0e-09
  -2.4e-09
  5e-10
  -1.0e-09
  3.04e-08
  -1.4e-09
  2.85e-08
  2.26e-08
  2.25e-08
  2.48e-08
  -1.6e-09
  1.17e-08
  2.18e-08
  1.0e-09
  7e-10
  -4.6e-09
  4e-10
  5.1e-09
  -1.6e-09
  -1.8e-09
  -1e-10
  -9e-10
  8.3e-09
  -5.e-10
  5.e-10
  5.8e-09
  1.88e-08
  -4e-10
  3.21e-08
  2.33e-08
  2.39e-08
  6.6e-09
  -9e-10
  6.22e-08
  1.15e-08
  1.36e-08
  7.7e-09
  7e-10
  1.1e-09
  -3e-10
  9e-10
  6e-10
  1.5e-09
  -1.9e-09
  1.31e-08
  3.15e-08
  1.71e-08
  1.08e-08
  3.20e-08
  2.84e-08
  1.16e-08
  8.1e-09
  1.56e-08
  2.53e-08
  1.17e-08
  2.19e-08
  8.9e-09
  8.6e-09
  1.28e-08
  1.07e-08
  2.84e-08
  2.87e-08
  4.97e-08
  3.19e-08
  2e-10
  1.36e-08
  1.48e-08
  3.03e-08
  3.04e-08
  1.13e-08
  1.71e-08
  1.39e-08
  3.06e-08
  1.10e-08
  1.24e-08
  9.4e-09
  6e-10
  1.31e-08
  1.19e-08
  2.36e-08
  1.06e-08
  5e-10
  1.34e-08
  1e-10
  -1.6e-09
  1e-10
  -2.5e-09
  1.2e-09
  4.16e-08
  2.76e-08
  2.55e-08
  4.84e-08
  2.07e-08
  3e-10
  -8e-10
  -1.0e-09
  -1.3e-09
  3e-10
  -7e-10
  -1.0e-09
  -9e-10
  -1.8e-09
  -1.8e-09
  -8e-10
  2.63e-08
  -1.3e-09
  1.96e-08
  1.55e-08
  2.83e-08
  -1.6e-09
  2.90e-08
  -1.08e-08
  5e-10
  1.14e-08
  5.0e-09
  6.3e-09
  2.28e-08
  1.32e-08
  2.24e-08
  6.6e-09
  2.49e-08
  -9.8e-09
  7.0e-09
  9.1e-09
  3e-10
  2.73e-08
  7e-10
  -4.5e-09
  1.19e-08
  1.11e-08
  6.18e-08
  1e-10
  4.16e-08
  2.52e-08
  -1.1e-09
  2.05e-08
  1.26e-08
  1.1e-09
  5.23e-08
  1.10e-08
  5.6e-09
  -1e-10
  6.86e-08
  -5e-10
  1e-10
  3.8e-08
  1.73e-08
  1.7e-09
  3.9e-09
  0
  0
  -1e-10
  1.75e-08
  7.4e-09
  1.03e-08
  2.70e-08
  2.69e-08
  0
  0
  2.64e-08
  5e-10
  1.4e-09
  2e-10
